Dynamical matrix file
phonon calculation.                                                        
  2    2  2  8.9132700  0.0000000  0.0000000  0.0000000  0.0000000  0.0000000
           1  'Na  '    20953.1916823788     
           2  'F   '    17315.6177120289     
    1    1      0.0000000000      0.0000000000      0.0000000000
    2    2     -0.5000000000      0.5000000000      0.5000000000

     Dynamical  Matrix in cartesian axes

     q = (   -0.333333333   0.333333333  -0.333333333 ) 

    1    1
  0.07571178  0.00000000   -0.03066428  0.00000000    0.03066428  0.00000000
 -0.03066428  0.00000000    0.07571178  0.00000000   -0.03066428  0.00000000
  0.03066428  0.00000000   -0.03066428  0.00000000    0.07571178  0.00000000
    1    2
 -0.01670516  0.02893418    0.00669237 -0.01159152   -0.00669237  0.01159152
  0.00669237 -0.01159152   -0.01670516  0.02893418    0.00669237 -0.01159152
 -0.00669237  0.01159152    0.00669237 -0.01159152   -0.01670516  0.02893418
    2    1
 -0.01670516 -0.02893418    0.00669237  0.01159152   -0.00669237 -0.01159152
  0.00669237  0.01159152   -0.01670516 -0.02893418    0.00669237  0.01159152
 -0.00669237 -0.01159152    0.00669237  0.01159152   -0.01670516 -0.02893418
    2    2
  0.07276061  0.00000000   -0.02567137  0.00000000    0.02567137  0.00000000
 -0.02567137  0.00000000    0.07276061  0.00000000   -0.02567137  0.00000000
  0.02567137  0.00000000   -0.02567137  0.00000000    0.07276061  0.00000000

     Dynamical  Matrix in cartesian axes

     q = (    0.333333333   0.333333333  -0.333333333 ) 

    1    1
  0.07571178  0.00000000    0.03066428  0.00000000   -0.03066428  0.00000000
  0.03066428  0.00000000    0.07571178  0.00000000   -0.03066428  0.00000000
 -0.03066428  0.00000000   -0.03066428  0.00000000    0.07571178  0.00000000
    1    2
 -0.01670516 -0.02893418   -0.00669237 -0.01159152    0.00669237  0.01159152
 -0.00669237 -0.01159152   -0.01670516 -0.02893418    0.00669237  0.01159152
  0.00669237  0.01159152    0.00669237  0.01159152   -0.01670516 -0.02893418
    2    1
 -0.01670516  0.02893418   -0.00669237  0.01159152    0.00669237 -0.01159152
 -0.00669237  0.01159152   -0.01670516  0.02893418    0.00669237 -0.01159152
  0.00669237 -0.01159152    0.00669237 -0.01159152   -0.01670516  0.02893418
    2    2
  0.07276061  0.00000000    0.02567137  0.00000000   -0.02567137  0.00000000
  0.02567137  0.00000000    0.07276061  0.00000000   -0.02567137  0.00000000
 -0.02567137  0.00000000   -0.02567137  0.00000000    0.07276061  0.00000000

     Dynamical  Matrix in cartesian axes

     q = (   -0.333333333  -0.333333333  -0.333333333 ) 

    1    1
  0.07571178  0.00000000    0.03066428  0.00000000    0.03066428  0.00000000
  0.03066428  0.00000000    0.07571178  0.00000000    0.03066428  0.00000000
  0.03066428  0.00000000    0.03066428  0.00000000    0.07571178  0.00000000
    1    2
 -0.01670516 -0.02893418   -0.00669237 -0.01159152   -0.00669237 -0.01159152
 -0.00669237 -0.01159152   -0.01670516 -0.02893418   -0.00669237 -0.01159152
 -0.00669237 -0.01159152   -0.00669237 -0.01159152   -0.01670516 -0.02893418
    2    1
 -0.01670516  0.02893418   -0.00669237  0.01159152   -0.00669237  0.01159152
 -0.00669237  0.01159152   -0.01670516  0.02893418   -0.00669237  0.01159152
 -0.00669237  0.01159152   -0.00669237  0.01159152   -0.01670516  0.02893418
    2    2
  0.07276061  0.00000000    0.02567137  0.00000000    0.02567137  0.00000000
  0.02567137  0.00000000    0.07276061  0.00000000    0.02567137  0.00000000
  0.02567137  0.00000000    0.02567137  0.00000000    0.07276061  0.00000000

     Dynamical  Matrix in cartesian axes

     q = (    0.333333333  -0.333333333   0.333333333 ) 

    1    1
  0.07571178  0.00000000   -0.03066428  0.00000000    0.03066428  0.00000000
 -0.03066428  0.00000000    0.07571178  0.00000000   -0.03066428  0.00000000
  0.03066428  0.00000000   -0.03066428  0.00000000    0.07571178  0.00000000
    1    2
 -0.01670516 -0.02893418    0.00669237  0.01159152   -0.00669237 -0.01159152
  0.00669237  0.01159152   -0.01670516 -0.02893418    0.00669237  0.01159152
 -0.00669237 -0.01159152    0.00669237  0.01159152   -0.01670516 -0.02893418
    2    1
 -0.01670516  0.02893418    0.00669237 -0.01159152   -0.00669237  0.01159152
  0.00669237 -0.01159152   -0.01670516  0.02893418    0.00669237 -0.01159152
 -0.00669237  0.01159152    0.00669237 -0.01159152   -0.01670516  0.02893418
    2    2
  0.07276061  0.00000000   -0.02567137  0.00000000    0.02567137  0.00000000
 -0.02567137  0.00000000    0.07276061  0.00000000   -0.02567137  0.00000000
  0.02567137  0.00000000   -0.02567137  0.00000000    0.07276061  0.00000000

     Dynamical  Matrix in cartesian axes

     q = (   -0.333333333   0.333333333   0.333333333 ) 

    1    1
  0.07571178  0.00000000   -0.03066428  0.00000000   -0.03066428  0.00000000
 -0.03066428  0.00000000    0.07571178  0.00000000    0.03066428  0.00000000
 -0.03066428  0.00000000    0.03066428  0.00000000    0.07571178  0.00000000
    1    2
  0.03341032  0.00000000   -0.01338474 -0.00000000   -0.01338474 -0.00000000
 -0.01338474 -0.00000000    0.03341032  0.00000000    0.01338474  0.00000000
 -0.01338474 -0.00000000    0.01338474  0.00000000    0.03341032  0.00000000
    2    1
  0.03341032 -0.00000000   -0.01338474  0.00000000   -0.01338474  0.00000000
 -0.01338474  0.00000000    0.03341032 -0.00000000    0.01338474 -0.00000000
 -0.01338474  0.00000000    0.01338474 -0.00000000    0.03341032 -0.00000000
    2    2
  0.07276061  0.00000000   -0.02567137  0.00000000   -0.02567137  0.00000000
 -0.02567137  0.00000000    0.07276061  0.00000000    0.02567137  0.00000000
 -0.02567137  0.00000000    0.02567137  0.00000000    0.07276061  0.00000000

     Dynamical  Matrix in cartesian axes

     q = (    0.333333333  -0.333333333  -0.333333333 ) 

    1    1
  0.07571178  0.00000000   -0.03066428  0.00000000   -0.03066428  0.00000000
 -0.03066428  0.00000000    0.07571178  0.00000000    0.03066428  0.00000000
 -0.03066428  0.00000000    0.03066428  0.00000000    0.07571178  0.00000000
    1    2
  0.03341032 -0.00000000   -0.01338474  0.00000000   -0.01338474  0.00000000
 -0.01338474  0.00000000    0.03341032 -0.00000000    0.01338474 -0.00000000
 -0.01338474  0.00000000    0.01338474 -0.00000000    0.03341032 -0.00000000
    2    1
  0.03341032  0.00000000   -0.01338474 -0.00000000   -0.01338474 -0.00000000
 -0.01338474 -0.00000000    0.03341032  0.00000000    0.01338474  0.00000000
 -0.01338474 -0.00000000    0.01338474  0.00000000    0.03341032  0.00000000
    2    2
  0.07276061  0.00000000   -0.02567137  0.00000000   -0.02567137  0.00000000
 -0.02567137  0.00000000    0.07276061  0.00000000    0.02567137  0.00000000
 -0.02567137  0.00000000    0.02567137  0.00000000    0.07276061  0.00000000

     Dynamical  Matrix in cartesian axes

     q = (   -0.333333333  -0.333333333   0.333333333 ) 

    1    1
  0.07571178  0.00000000    0.03066428  0.00000000   -0.03066428  0.00000000
  0.03066428  0.00000000    0.07571178  0.00000000   -0.03066428  0.00000000
 -0.03066428  0.00000000   -0.03066428  0.00000000    0.07571178  0.00000000
    1    2
 -0.01670516  0.02893418   -0.00669237  0.01159152    0.00669237 -0.01159152
 -0.00669237  0.01159152   -0.01670516  0.02893418    0.00669237 -0.01159152
  0.00669237 -0.01159152    0.00669237 -0.01159152   -0.01670516  0.02893418
    2    1
 -0.01670516 -0.02893418   -0.00669237 -0.01159152    0.00669237  0.01159152
 -0.00669237 -0.01159152   -0.01670516 -0.02893418    0.00669237  0.01159152
  0.00669237  0.01159152    0.00669237  0.01159152   -0.01670516 -0.02893418
    2    2
  0.07276061  0.00000000    0.02567137  0.00000000   -0.02567137  0.00000000
  0.02567137  0.00000000    0.07276061  0.00000000   -0.02567137  0.00000000
 -0.02567137  0.00000000   -0.02567137  0.00000000    0.07276061  0.00000000

     Dynamical  Matrix in cartesian axes

     q = (    0.333333333   0.333333333   0.333333333 ) 

    1    1
  0.07571178  0.00000000    0.03066428  0.00000000    0.03066428  0.00000000
  0.03066428  0.00000000    0.07571178  0.00000000    0.03066428  0.00000000
  0.03066428  0.00000000    0.03066428  0.00000000    0.07571178  0.00000000
    1    2
 -0.01670516  0.02893418   -0.00669237  0.01159152   -0.00669237  0.01159152
 -0.00669237  0.01159152   -0.01670516  0.02893418   -0.00669237  0.01159152
 -0.00669237  0.01159152   -0.00669237  0.01159152   -0.01670516  0.02893418
    2    1
 -0.01670516 -0.02893418   -0.00669237 -0.01159152   -0.00669237 -0.01159152
 -0.00669237 -0.01159152   -0.01670516 -0.02893418   -0.00669237 -0.01159152
 -0.00669237 -0.01159152   -0.00669237 -0.01159152   -0.01670516 -0.02893418
    2    2
  0.07276061  0.00000000    0.02567137  0.00000000    0.02567137  0.00000000
  0.02567137  0.00000000    0.07276061  0.00000000    0.02567137  0.00000000
  0.02567137  0.00000000    0.02567137  0.00000000    0.07276061  0.00000000

     Diagonalizing the dynamical matrix

     q = (   -0.333333333   0.333333333  -0.333333333 ) 

 **************************************************************************
     freq (    1) =       3.816029 [THz] =     127.289017 [cm-1]
 (  0.530552 -0.223204  0.474915 -0.126838 -0.055637  0.096366 ) 
 (  0.385987  0.292804  0.292327  0.292804 -0.093660  0.000000 ) 
     freq (    2) =       3.816029 [THz] =     127.289017 [cm-1]
 (  0.062662 -0.234481 -0.244678  0.297848 -0.307340  0.532328 ) 
 (  0.197293 -0.053005 -0.320086 -0.053005 -0.517380  0.000000 ) 
     freq (    3) =       6.175718 [THz] =     205.999770 [cm-1]
 (  0.129315 -0.261949 -0.100837  0.136685 -0.230152  0.398635 ) 
 ( -0.419091  0.027294  0.242662  0.027294  0.661753  0.000000 ) 
     freq (    4) =       6.175718 [THz] =     205.999770 [cm-1]
 ( -0.069829  0.356601 -0.106912  0.420831 -0.037083  0.064230 ) 
 (  0.494176 -0.169393  0.600801 -0.169393  0.106625  0.000000 ) 
     freq (    5) =       6.309982 [THz] =     210.478330 [cm-1]
 (  0.204501 -0.354206 -0.204501  0.354206  0.204501 -0.354206 ) 
 (  0.407493  0.000000 -0.407493  0.000000  0.407493  0.000000 ) 
     freq (    6) =      10.418282 [THz] =     347.516494 [cm-1]
 ( -0.183489  0.317811  0.183489 -0.317811 -0.183489  0.317811 ) 
 (  0.445714  0.000000 -0.445714 -0.000000  0.445714  0.000000 ) 
 **************************************************************************
