Dynamical matrix file
phonon calculation.                                                        
  2    2  2  8.9132700  0.0000000  0.0000000  0.0000000  0.0000000  0.0000000
           1  'Na  '    20953.1916823788     
           2  'F   '    17315.6177120289     
    1    1      0.0000000000      0.0000000000      0.0000000000
    2    2     -0.5000000000      0.5000000000      0.5000000000

     Dynamical  Matrix in cartesian axes

     q = (   -0.166666667   0.166666667  -0.166666667 ) 

    1    1
  0.06959325  0.00000000   -0.02778702  0.00000000    0.02778702  0.00000000
 -0.02778702  0.00000000    0.06959325  0.00000000   -0.02778702  0.00000000
  0.02778702  0.00000000   -0.02778702  0.00000000    0.06959325  0.00000000
    1    2
 -0.04999979  0.02886739    0.01983703 -0.01145292   -0.01983703  0.01145292
  0.01983703 -0.01145292   -0.04999979  0.02886739    0.01983703 -0.01145292
 -0.01983703  0.01145292    0.01983703 -0.01145292   -0.04999979  0.02886739
    2    1
 -0.04999979 -0.02886739    0.01983703  0.01145292   -0.01983703 -0.01145292
  0.01983703  0.01145292   -0.04999979 -0.02886739    0.01983703  0.01145292
 -0.01983703 -0.01145292    0.01983703  0.01145292   -0.04999979 -0.02886739
    2    2
  0.06861179 -0.00000000   -0.02617866 -0.00000000    0.02617866  0.00000000
 -0.02617866  0.00000000    0.06861179  0.00000000   -0.02617866  0.00000000
  0.02617866 -0.00000000   -0.02617866 -0.00000000    0.06861179  0.00000000

     Dynamical  Matrix in cartesian axes

     q = (    0.166666667   0.166666667  -0.166666667 ) 

    1    1
  0.06959325  0.00000000    0.02778702  0.00000000   -0.02778702  0.00000000
  0.02778702  0.00000000    0.06959325  0.00000000   -0.02778702  0.00000000
 -0.02778702  0.00000000   -0.02778702  0.00000000    0.06959325  0.00000000
    1    2
 -0.04999979 -0.02886739   -0.01983703 -0.01145292    0.01983703  0.01145292
 -0.01983703 -0.01145292   -0.04999979 -0.02886739    0.01983703  0.01145292
  0.01983703  0.01145292    0.01983703  0.01145292   -0.04999979 -0.02886739
    2    1
 -0.04999979  0.02886739   -0.01983703  0.01145292    0.01983703 -0.01145292
 -0.01983703  0.01145292   -0.04999979  0.02886739    0.01983703 -0.01145292
  0.01983703 -0.01145292    0.01983703 -0.01145292   -0.04999979  0.02886739
    2    2
  0.06861179 -0.00000000    0.02617866  0.00000000   -0.02617866 -0.00000000
  0.02617866 -0.00000000    0.06861179  0.00000000   -0.02617866 -0.00000000
 -0.02617866  0.00000000   -0.02617866  0.00000000    0.06861179  0.00000000

     Dynamical  Matrix in cartesian axes

     q = (   -0.166666667  -0.166666667  -0.166666667 ) 

    1    1
  0.06959325  0.00000000    0.02778702  0.00000000    0.02778702  0.00000000
  0.02778702  0.00000000    0.06959325  0.00000000    0.02778702  0.00000000
  0.02778702  0.00000000    0.02778702  0.00000000    0.06959325  0.00000000
    1    2
 -0.04999979 -0.02886739   -0.01983703 -0.01145292   -0.01983703 -0.01145292
 -0.01983703 -0.01145292   -0.04999979 -0.02886739   -0.01983703 -0.01145292
 -0.01983703 -0.01145292   -0.01983703 -0.01145292   -0.04999979 -0.02886739
    2    1
 -0.04999979  0.02886739   -0.01983703  0.01145292   -0.01983703  0.01145292
 -0.01983703  0.01145292   -0.04999979  0.02886739   -0.01983703  0.01145292
 -0.01983703  0.01145292   -0.01983703  0.01145292   -0.04999979  0.02886739
    2    2
  0.06861179 -0.00000000    0.02617866  0.00000000    0.02617866 -0.00000000
  0.02617866 -0.00000000    0.06861179  0.00000000    0.02617866 -0.00000000
  0.02617866  0.00000000    0.02617866  0.00000000    0.06861179 -0.00000000

     Dynamical  Matrix in cartesian axes

     q = (    0.166666667  -0.166666667   0.166666667 ) 

    1    1
  0.06959325  0.00000000   -0.02778702  0.00000000    0.02778702  0.00000000
 -0.02778702  0.00000000    0.06959325  0.00000000   -0.02778702  0.00000000
  0.02778702  0.00000000   -0.02778702  0.00000000    0.06959325  0.00000000
    1    2
 -0.04999979 -0.02886739    0.01983703  0.01145292   -0.01983703 -0.01145292
  0.01983703  0.01145292   -0.04999979 -0.02886739    0.01983703  0.01145292
 -0.01983703 -0.01145292    0.01983703  0.01145292   -0.04999979 -0.02886739
    2    1
 -0.04999979  0.02886739    0.01983703 -0.01145292   -0.01983703  0.01145292
  0.01983703 -0.01145292   -0.04999979  0.02886739    0.01983703 -0.01145292
 -0.01983703  0.01145292    0.01983703 -0.01145292   -0.04999979  0.02886739
    2    2
  0.06861179  0.00000000   -0.02617866  0.00000000    0.02617866  0.00000000
 -0.02617866  0.00000000    0.06861179  0.00000000   -0.02617866  0.00000000
  0.02617866 -0.00000000   -0.02617866 -0.00000000    0.06861179 -0.00000000

     Dynamical  Matrix in cartesian axes

     q = (   -0.166666667   0.166666667   0.166666667 ) 

    1    1
  0.06959325  0.00000000   -0.02778702  0.00000000   -0.02778702  0.00000000
 -0.02778702  0.00000000    0.06959325  0.00000000    0.02778702  0.00000000
 -0.02778702  0.00000000    0.02778702  0.00000000    0.06959325  0.00000000
    1    2
  0.00000000  0.05773478   -0.00000000 -0.02290583   -0.00000000 -0.02290583
 -0.00000000 -0.02290583    0.00000000  0.05773478    0.00000000  0.02290583
 -0.00000000 -0.02290583    0.00000000  0.02290583    0.00000000  0.05773478
    2    1
  0.00000000 -0.05773478   -0.00000000  0.02290583   -0.00000000  0.02290583
 -0.00000000  0.02290583    0.00000000 -0.05773478    0.00000000 -0.02290583
 -0.00000000  0.02290583    0.00000000 -0.02290583    0.00000000 -0.05773478
    2    2
  0.06861179  0.00000000   -0.02617866 -0.00000000   -0.02617866  0.00000000
 -0.02617866  0.00000000    0.06861179  0.00000000    0.02617866  0.00000000
 -0.02617866 -0.00000000    0.02617866  0.00000000    0.06861179 -0.00000000

     Dynamical  Matrix in cartesian axes

     q = (    0.166666667  -0.166666667  -0.166666667 ) 

    1    1
  0.06959325  0.00000000   -0.02778702  0.00000000   -0.02778702  0.00000000
 -0.02778702  0.00000000    0.06959325  0.00000000    0.02778702  0.00000000
 -0.02778702  0.00000000    0.02778702  0.00000000    0.06959325  0.00000000
    1    2
  0.00000000 -0.05773478   -0.00000000  0.02290583   -0.00000000  0.02290583
 -0.00000000  0.02290583    0.00000000 -0.05773478    0.00000000 -0.02290583
 -0.00000000  0.02290583    0.00000000 -0.02290583    0.00000000 -0.05773478
    2    1
  0.00000000  0.05773478   -0.00000000 -0.02290583   -0.00000000 -0.02290583
 -0.00000000 -0.02290583    0.00000000  0.05773478    0.00000000  0.02290583
 -0.00000000 -0.02290583    0.00000000  0.02290583    0.00000000  0.05773478
    2    2
  0.06861179  0.00000000   -0.02617866  0.00000000   -0.02617866 -0.00000000
 -0.02617866 -0.00000000    0.06861179  0.00000000    0.02617866  0.00000000
 -0.02617866  0.00000000    0.02617866  0.00000000    0.06861179 -0.00000000

     Dynamical  Matrix in cartesian axes

     q = (   -0.166666667  -0.166666667   0.166666667 ) 

    1    1
  0.06959325  0.00000000    0.02778702  0.00000000   -0.02778702  0.00000000
  0.02778702  0.00000000    0.06959325  0.00000000   -0.02778702  0.00000000
 -0.02778702  0.00000000   -0.02778702  0.00000000    0.06959325  0.00000000
    1    2
 -0.04999979  0.02886739   -0.01983703  0.01145292    0.01983703 -0.01145292
 -0.01983703  0.01145292   -0.04999979  0.02886739    0.01983703 -0.01145292
  0.01983703 -0.01145292    0.01983703 -0.01145292   -0.04999979  0.02886739
    2    1
 -0.04999979 -0.02886739   -0.01983703 -0.01145292    0.01983703  0.01145292
 -0.01983703 -0.01145292   -0.04999979 -0.02886739    0.01983703  0.01145292
  0.01983703  0.01145292    0.01983703  0.01145292   -0.04999979 -0.02886739
    2    2
  0.06861179  0.00000000    0.02617866 -0.00000000   -0.02617866  0.00000000
  0.02617866  0.00000000    0.06861179 -0.00000000   -0.02617866  0.00000000
 -0.02617866 -0.00000000   -0.02617866 -0.00000000    0.06861179 -0.00000000

     Dynamical  Matrix in cartesian axes

     q = (    0.166666667   0.166666667   0.166666667 ) 

    1    1
  0.06959325  0.00000000    0.02778702  0.00000000    0.02778702  0.00000000
  0.02778702  0.00000000    0.06959325  0.00000000    0.02778702  0.00000000
  0.02778702  0.00000000    0.02778702  0.00000000    0.06959325  0.00000000
    1    2
 -0.04999979  0.02886739   -0.01983703  0.01145292   -0.01983703  0.01145292
 -0.01983703  0.01145292   -0.04999979  0.02886739   -0.01983703  0.01145292
 -0.01983703  0.01145292   -0.01983703  0.01145292   -0.04999979  0.02886739
    2    1
 -0.04999979 -0.02886739   -0.01983703 -0.01145292   -0.01983703 -0.01145292
 -0.01983703 -0.01145292   -0.04999979 -0.02886739   -0.01983703 -0.01145292
 -0.01983703 -0.01145292   -0.01983703 -0.01145292   -0.04999979 -0.02886739
    2    2
  0.06861179  0.00000000    0.02617866 -0.00000000    0.02617866  0.00000000
  0.02617866  0.00000000    0.06861179 -0.00000000    0.02617866  0.00000000
  0.02617866 -0.00000000    0.02617866 -0.00000000    0.06861179  0.00000000

     Diagonalizing the dynamical matrix

     q = (   -0.166666667   0.166666667  -0.166666667 ) 

 **************************************************************************
     freq (    1) =       2.028714 [THz] =      67.670626 [cm-1]
 (  0.477256 -0.262322  0.080077 -0.033010 -0.397179  0.229312 ) 
 (  0.528991  0.011125  0.083412  0.011125 -0.445579  0.000000 ) 
     freq (    2) =       2.028714 [THz] =      67.670626 [cm-1]
 ( -0.193265  0.094929 -0.508637  0.277010 -0.315373  0.182081 ) 
 ( -0.208726 -0.014011 -0.562531 -0.014011 -0.353804  0.000000 ) 
     freq (    3) =       3.322949 [THz] =     110.841640 [cm-1]
 ( -0.353137  0.203884  0.353137 -0.203884 -0.353137  0.203884 ) 
 ( -0.408728  0.000000  0.408728 -0.000000 -0.408728  0.000000 ) 
     freq (    4) =       6.633353 [THz] =     221.264842 [cm-1]
 (  0.283235 -0.181961 -0.150798  0.068628 -0.434034  0.250589 ) 
 ( -0.418823  0.019885  0.205394  0.019885  0.624217  0.000000 ) 
     freq (    5) =       6.633353 [THz] =     221.264842 [cm-1]
 (  0.286193 -0.257040  0.373348 -0.307359  0.087155 -0.050319 ) 
 ( -0.468769  0.099026 -0.594113  0.099026 -0.125344  0.000000 ) 
     freq (    6) =      11.367611 [THz] =     379.182697 [cm-1]
 ( -0.318956  0.184150  0.318956 -0.184150 -0.318956  0.184150 ) 
 (  0.444622  0.000000 -0.444622 -0.000000  0.444622  0.000000 ) 
 **************************************************************************
