Dynamical matrix file
phonon calculation.                                                        
  2    2  2  8.9132700  0.0000000  0.0000000  0.0000000  0.0000000  0.0000000
           1  'Na  '    20953.1916823788     
           2  'F   '    17315.6177120289     
    1    1      0.0000000000      0.0000000000      0.0000000000
    2    2     -0.5000000000      0.5000000000      0.5000000000

     Dynamical  Matrix in cartesian axes

     q = (    0.666666667  -0.333333333   0.666666667 ) 

    1    1
  0.07268444  0.00000000   -0.02382695  0.00000000    0.02265077  0.00000000
 -0.02382695  0.00000000    0.08636373  0.00000000   -0.02382695  0.00000000
  0.02265077  0.00000000   -0.02382695  0.00000000    0.07268444  0.00000000
    1    2
  0.00684609  0.01185778   -0.00357191 -0.00618672   -0.00081500 -0.00141162
 -0.00192038 -0.00332619    0.00263737  0.00456806   -0.00192038 -0.00332619
 -0.00081500 -0.00141162   -0.00357191 -0.00618672    0.00684609  0.01185778
    2    1
  0.00684609 -0.01185778   -0.00192038  0.00332619   -0.00081500  0.00141162
 -0.00357191  0.00618672    0.00263737 -0.00456806   -0.00357191  0.00618672
 -0.00081500  0.00141162   -0.00192038  0.00332619    0.00684609 -0.01185778
    2    2
  0.07166957  0.00000000   -0.01940904  0.00000000    0.01903053  0.00000000
 -0.01940904  0.00000000    0.08618697  0.00000000   -0.01940904  0.00000000
  0.01903053  0.00000000   -0.01940904  0.00000000    0.07166957  0.00000000

     Dynamical  Matrix in cartesian axes

     q = (   -0.666666667  -0.333333333  -0.666666667 ) 

    1    1
  0.07268444  0.00000000    0.02382695  0.00000000    0.02265077  0.00000000
  0.02382695  0.00000000    0.08636373  0.00000000    0.02382695  0.00000000
  0.02265077  0.00000000    0.02382695  0.00000000    0.07268444  0.00000000
    1    2
  0.00684609  0.01185778    0.00357191  0.00618672   -0.00081500 -0.00141162
  0.00192038  0.00332619    0.00263737  0.00456806    0.00192038  0.00332619
 -0.00081500 -0.00141162    0.00357191  0.00618672    0.00684609  0.01185778
    2    1
  0.00684609 -0.01185778    0.00192038 -0.00332619   -0.00081500  0.00141162
  0.00357191 -0.00618672    0.00263737 -0.00456806    0.00357191 -0.00618672
 -0.00081500  0.00141162    0.00192038 -0.00332619    0.00684609 -0.01185778
    2    2
  0.07166957  0.00000000    0.01940904  0.00000000    0.01903053  0.00000000
  0.01940904  0.00000000    0.08618697  0.00000000    0.01940904  0.00000000
  0.01903053  0.00000000    0.01940904  0.00000000    0.07166957  0.00000000

     Dynamical  Matrix in cartesian axes

     q = (    0.666666667  -0.333333333  -0.666666667 ) 

    1    1
  0.07268444  0.00000000   -0.02382695  0.00000000   -0.02265077  0.00000000
 -0.02382695  0.00000000    0.08636373  0.00000000    0.02382695  0.00000000
 -0.02265077  0.00000000    0.02382695  0.00000000    0.07268444  0.00000000
    1    2
  0.00684609 -0.01185778   -0.00357191  0.00618672    0.00081500 -0.00141162
 -0.00192038  0.00332619    0.00263737 -0.00456806    0.00192038 -0.00332619
  0.00081500 -0.00141162    0.00357191 -0.00618672    0.00684609 -0.01185778
    2    1
  0.00684609  0.01185778   -0.00192038 -0.00332619    0.00081500  0.00141162
 -0.00357191 -0.00618672    0.00263737  0.00456806    0.00357191  0.00618672
  0.00081500  0.00141162    0.00192038  0.00332619    0.00684609  0.01185778
    2    2
  0.07166957  0.00000000   -0.01940904  0.00000000   -0.01903053  0.00000000
 -0.01940904  0.00000000    0.08618697  0.00000000    0.01940904  0.00000000
 -0.01903053  0.00000000    0.01940904  0.00000000    0.07166957  0.00000000

     Dynamical  Matrix in cartesian axes

     q = (   -0.666666667  -0.333333333   0.666666667 ) 

    1    1
  0.07268444  0.00000000    0.02382695  0.00000000   -0.02265077  0.00000000
  0.02382695  0.00000000    0.08636373  0.00000000   -0.02382695  0.00000000
 -0.02265077  0.00000000   -0.02382695  0.00000000    0.07268444  0.00000000
    1    2
 -0.01369218 -0.00000000   -0.00714381 -0.00000000   -0.00162999 -0.00000000
 -0.00384076 -0.00000000   -0.00527474 -0.00000000    0.00384076  0.00000000
 -0.00162999 -0.00000000    0.00714381  0.00000000   -0.01369218 -0.00000000
    2    1
 -0.01369218  0.00000000   -0.00384076  0.00000000   -0.00162999  0.00000000
 -0.00714381  0.00000000   -0.00527474  0.00000000    0.00714381 -0.00000000
 -0.00162999  0.00000000    0.00384076 -0.00000000   -0.01369218  0.00000000
    2    2
  0.07166957  0.00000000    0.01940904  0.00000000   -0.01903053  0.00000000
  0.01940904  0.00000000    0.08618697  0.00000000   -0.01940904  0.00000000
 -0.01903053  0.00000000   -0.01940904  0.00000000    0.07166957  0.00000000

     Dynamical  Matrix in cartesian axes

     q = (   -0.666666667   0.333333333  -0.666666667 ) 

    1    1
  0.07268444  0.00000000   -0.02382695  0.00000000    0.02265077  0.00000000
 -0.02382695  0.00000000    0.08636373  0.00000000   -0.02382695  0.00000000
  0.02265077  0.00000000   -0.02382695  0.00000000    0.07268444  0.00000000
    1    2
  0.00684609 -0.01185778   -0.00357191  0.00618672   -0.00081500  0.00141162
 -0.00192038  0.00332619    0.00263737 -0.00456806   -0.00192038  0.00332619
 -0.00081500  0.00141162   -0.00357191  0.00618672    0.00684609 -0.01185778
    2    1
  0.00684609  0.01185778   -0.00192038 -0.00332619   -0.00081500 -0.00141162
 -0.00357191 -0.00618672    0.00263737  0.00456806   -0.00357191 -0.00618672
 -0.00081500 -0.00141162   -0.00192038 -0.00332619    0.00684609  0.01185778
    2    2
  0.07166957  0.00000000   -0.01940904  0.00000000    0.01903053  0.00000000
 -0.01940904  0.00000000    0.08618697  0.00000000   -0.01940904  0.00000000
  0.01903053  0.00000000   -0.01940904  0.00000000    0.07166957  0.00000000

     Dynamical  Matrix in cartesian axes

     q = (   -0.333333333   0.666666667  -0.666666667 ) 

    1    1
  0.08636373  0.00000000   -0.02382695  0.00000000    0.02382695  0.00000000
 -0.02382695  0.00000000    0.07268444  0.00000000   -0.02265077  0.00000000
  0.02382695  0.00000000   -0.02265077  0.00000000    0.07268444  0.00000000
    1    2
  0.00263737 -0.00456806   -0.00192038  0.00332619    0.00192038 -0.00332619
 -0.00357191  0.00618672    0.00684609 -0.01185778    0.00081500 -0.00141162
  0.00357191 -0.00618672    0.00081500 -0.00141162    0.00684609 -0.01185778
    2    1
  0.00263737  0.00456806   -0.00357191 -0.00618672    0.00357191  0.00618672
 -0.00192038 -0.00332619    0.00684609  0.01185778    0.00081500  0.00141162
  0.00192038  0.00332619    0.00081500  0.00141162    0.00684609  0.01185778
    2    2
  0.08618697  0.00000000   -0.01940904  0.00000000    0.01940904  0.00000000
 -0.01940904  0.00000000    0.07166957  0.00000000   -0.01903053  0.00000000
  0.01940904  0.00000000   -0.01903053  0.00000000    0.07166957  0.00000000

     Dynamical  Matrix in cartesian axes

     q = (   -0.666666667   0.666666667  -0.333333333 ) 

    1    1
  0.07268444  0.00000000   -0.02265077  0.00000000    0.02382695  0.00000000
 -0.02265077  0.00000000    0.07268444  0.00000000   -0.02382695  0.00000000
  0.02382695  0.00000000   -0.02382695  0.00000000    0.08636373  0.00000000
    1    2
 -0.01369218 -0.00000000   -0.00162999 -0.00000000   -0.00714381 -0.00000000
 -0.00162999 -0.00000000   -0.01369218 -0.00000000    0.00714381  0.00000000
 -0.00384076 -0.00000000    0.00384076  0.00000000   -0.00527474 -0.00000000
    2    1
 -0.01369218  0.00000000   -0.00162999  0.00000000   -0.00384076  0.00000000
 -0.00162999  0.00000000   -0.01369218  0.00000000    0.00384076 -0.00000000
 -0.00714381  0.00000000    0.00714381 -0.00000000   -0.00527474  0.00000000
    2    2
  0.07166957  0.00000000   -0.01903053  0.00000000    0.01940904  0.00000000
 -0.01903053  0.00000000    0.07166957  0.00000000   -0.01940904  0.00000000
  0.01940904  0.00000000   -0.01940904  0.00000000    0.08618697  0.00000000

     Dynamical  Matrix in cartesian axes

     q = (    0.333333333   0.666666667   0.666666667 ) 

    1    1
  0.08636373  0.00000000    0.02382695  0.00000000    0.02382695  0.00000000
  0.02382695  0.00000000    0.07268444  0.00000000    0.02265077  0.00000000
  0.02382695  0.00000000    0.02265077  0.00000000    0.07268444  0.00000000
    1    2
 -0.00527474 -0.00000000   -0.00384076 -0.00000000   -0.00384076 -0.00000000
 -0.00714381 -0.00000000   -0.01369218 -0.00000000    0.00162999  0.00000000
 -0.00714381 -0.00000000    0.00162999  0.00000000   -0.01369218 -0.00000000
    2    1
 -0.00527474  0.00000000   -0.00714381  0.00000000   -0.00714381  0.00000000
 -0.00384076  0.00000000   -0.01369218  0.00000000    0.00162999 -0.00000000
 -0.00384076  0.00000000    0.00162999 -0.00000000   -0.01369218  0.00000000
    2    2
  0.08618697  0.00000000    0.01940904  0.00000000    0.01940904  0.00000000
  0.01940904  0.00000000    0.07166957  0.00000000    0.01903053  0.00000000
  0.01940904  0.00000000    0.01903053  0.00000000    0.07166957  0.00000000

     Dynamical  Matrix in cartesian axes

     q = (   -0.666666667  -0.666666667   0.333333333 ) 

    1    1
  0.07268444  0.00000000    0.02265077  0.00000000   -0.02382695  0.00000000
  0.02265077  0.00000000    0.07268444  0.00000000   -0.02382695  0.00000000
 -0.02382695  0.00000000   -0.02382695  0.00000000    0.08636373  0.00000000
    1    2
  0.00684609 -0.01185778   -0.00081500  0.00141162   -0.00357191  0.00618672
 -0.00081500  0.00141162    0.00684609 -0.01185778   -0.00357191  0.00618672
 -0.00192038  0.00332619   -0.00192038  0.00332619    0.00263737 -0.00456806
    2    1
  0.00684609  0.01185778   -0.00081500 -0.00141162   -0.00192038 -0.00332619
 -0.00081500 -0.00141162    0.00684609  0.01185778   -0.00192038 -0.00332619
 -0.00357191 -0.00618672   -0.00357191 -0.00618672    0.00263737  0.00456806
    2    2
  0.07166957  0.00000000    0.01903053  0.00000000   -0.01940904  0.00000000
  0.01903053  0.00000000    0.07166957  0.00000000   -0.01940904  0.00000000
 -0.01940904  0.00000000   -0.01940904  0.00000000    0.08618697  0.00000000

     Dynamical  Matrix in cartesian axes

     q = (    0.666666667   0.666666667   0.333333333 ) 

    1    1
  0.07268444  0.00000000    0.02265077  0.00000000    0.02382695  0.00000000
  0.02265077  0.00000000    0.07268444  0.00000000    0.02382695  0.00000000
  0.02382695  0.00000000    0.02382695  0.00000000    0.08636373  0.00000000
    1    2
  0.00684609 -0.01185778   -0.00081500  0.00141162    0.00357191 -0.00618672
 -0.00081500  0.00141162    0.00684609 -0.01185778    0.00357191 -0.00618672
  0.00192038 -0.00332619    0.00192038 -0.00332619    0.00263737 -0.00456806
    2    1
  0.00684609  0.01185778   -0.00081500 -0.00141162    0.00192038  0.00332619
 -0.00081500 -0.00141162    0.00684609  0.01185778    0.00192038  0.00332619
  0.00357191  0.00618672    0.00357191  0.00618672    0.00263737  0.00456806
    2    2
  0.07166957  0.00000000    0.01903053  0.00000000    0.01940904  0.00000000
  0.01903053  0.00000000    0.07166957  0.00000000    0.01940904  0.00000000
  0.01940904  0.00000000    0.01940904  0.00000000    0.08618697  0.00000000

     Dynamical  Matrix in cartesian axes

     q = (    0.666666667  -0.666666667  -0.333333333 ) 

    1    1
  0.07268444  0.00000000   -0.02265077  0.00000000   -0.02382695  0.00000000
 -0.02265077  0.00000000    0.07268444  0.00000000    0.02382695  0.00000000
 -0.02382695  0.00000000    0.02382695  0.00000000    0.08636373  0.00000000
    1    2
  0.00684609 -0.01185778    0.00081500 -0.00141162   -0.00357191  0.00618672
  0.00081500 -0.00141162    0.00684609 -0.01185778    0.00357191 -0.00618672
 -0.00192038  0.00332619    0.00192038 -0.00332619    0.00263737 -0.00456806
    2    1
  0.00684609  0.01185778    0.00081500  0.00141162   -0.00192038 -0.00332619
  0.00081500  0.00141162    0.00684609  0.01185778    0.00192038  0.00332619
 -0.00357191 -0.00618672    0.00357191  0.00618672    0.00263737  0.00456806
    2    2
  0.07166957  0.00000000   -0.01903053  0.00000000   -0.01940904  0.00000000
 -0.01903053  0.00000000    0.07166957  0.00000000    0.01940904  0.00000000
 -0.01940904  0.00000000    0.01940904  0.00000000    0.08618697  0.00000000

     Dynamical  Matrix in cartesian axes

     q = (   -0.333333333   0.666666667   0.666666667 ) 

    1    1
  0.08636373  0.00000000   -0.02382695  0.00000000   -0.02382695  0.00000000
 -0.02382695  0.00000000    0.07268444  0.00000000    0.02265077  0.00000000
 -0.02382695  0.00000000    0.02265077  0.00000000    0.07268444  0.00000000
    1    2
  0.00263737  0.00456806   -0.00192038 -0.00332619   -0.00192038 -0.00332619
 -0.00357191 -0.00618672    0.00684609  0.01185778   -0.00081500 -0.00141162
 -0.00357191 -0.00618672   -0.00081500 -0.00141162    0.00684609  0.01185778
    2    1
  0.00263737 -0.00456806   -0.00357191  0.00618672   -0.00357191  0.00618672
 -0.00192038  0.00332619    0.00684609 -0.01185778   -0.00081500  0.00141162
 -0.00192038  0.00332619   -0.00081500  0.00141162    0.00684609 -0.01185778
    2    2
  0.08618697  0.00000000   -0.01940904  0.00000000   -0.01940904  0.00000000
 -0.01940904  0.00000000    0.07166957  0.00000000    0.01903053  0.00000000
 -0.01940904  0.00000000    0.01903053  0.00000000    0.07166957  0.00000000

     Dynamical  Matrix in cartesian axes

     q = (    0.333333333   0.666666667  -0.666666667 ) 

    1    1
  0.08636373  0.00000000    0.02382695  0.00000000   -0.02382695  0.00000000
  0.02382695  0.00000000    0.07268444  0.00000000   -0.02265077  0.00000000
 -0.02382695  0.00000000   -0.02265077  0.00000000    0.07268444  0.00000000
    1    2
  0.00263737  0.00456806    0.00192038  0.00332619   -0.00192038 -0.00332619
  0.00357191  0.00618672    0.00684609  0.01185778    0.00081500  0.00141162
 -0.00357191 -0.00618672    0.00081500  0.00141162    0.00684609  0.01185778
    2    1
  0.00263737 -0.00456806    0.00357191 -0.00618672   -0.00357191  0.00618672
  0.00192038 -0.00332619    0.00684609 -0.01185778    0.00081500 -0.00141162
 -0.00192038  0.00332619    0.00081500 -0.00141162    0.00684609 -0.01185778
    2    2
  0.08618697  0.00000000    0.01940904  0.00000000   -0.01940904  0.00000000
  0.01940904  0.00000000    0.07166957  0.00000000   -0.01903053  0.00000000
 -0.01940904  0.00000000   -0.01903053  0.00000000    0.07166957  0.00000000

     Dynamical  Matrix in cartesian axes

     q = (   -0.333333333  -0.666666667  -0.666666667 ) 

    1    1
  0.08636373  0.00000000    0.02382695  0.00000000    0.02382695  0.00000000
  0.02382695  0.00000000    0.07268444  0.00000000    0.02265077  0.00000000
  0.02382695  0.00000000    0.02265077  0.00000000    0.07268444  0.00000000
    1    2
 -0.00527474  0.00000000   -0.00384076  0.00000000   -0.00384076  0.00000000
 -0.00714381  0.00000000   -0.01369218  0.00000000    0.00162999 -0.00000000
 -0.00714381  0.00000000    0.00162999 -0.00000000   -0.01369218  0.00000000
    2    1
 -0.00527474 -0.00000000   -0.00714381 -0.00000000   -0.00714381 -0.00000000
 -0.00384076 -0.00000000   -0.01369218 -0.00000000    0.00162999  0.00000000
 -0.00384076 -0.00000000    0.00162999  0.00000000   -0.01369218 -0.00000000
    2    2
  0.08618697  0.00000000    0.01940904  0.00000000    0.01940904  0.00000000
  0.01940904  0.00000000    0.07166957  0.00000000    0.01903053  0.00000000
  0.01940904  0.00000000    0.01903053  0.00000000    0.07166957  0.00000000

     Dynamical  Matrix in cartesian axes

     q = (   -0.666666667   0.333333333   0.666666667 ) 

    1    1
  0.07268444  0.00000000   -0.02382695  0.00000000   -0.02265077  0.00000000
 -0.02382695  0.00000000    0.08636373  0.00000000    0.02382695  0.00000000
 -0.02265077  0.00000000    0.02382695  0.00000000    0.07268444  0.00000000
    1    2
  0.00684609  0.01185778   -0.00357191 -0.00618672    0.00081500  0.00141162
 -0.00192038 -0.00332619    0.00263737  0.00456806    0.00192038  0.00332619
  0.00081500  0.00141162    0.00357191  0.00618672    0.00684609  0.01185778
    2    1
  0.00684609 -0.01185778   -0.00192038  0.00332619    0.00081500 -0.00141162
 -0.00357191  0.00618672    0.00263737 -0.00456806    0.00357191 -0.00618672
  0.00081500 -0.00141162    0.00192038 -0.00332619    0.00684609 -0.01185778
    2    2
  0.07166957  0.00000000   -0.01940904  0.00000000   -0.01903053  0.00000000
 -0.01940904  0.00000000    0.08618697  0.00000000    0.01940904  0.00000000
 -0.01903053  0.00000000    0.01940904  0.00000000    0.07166957  0.00000000

     Dynamical  Matrix in cartesian axes

     q = (    0.666666667   0.666666667  -0.333333333 ) 

    1    1
  0.07268444  0.00000000    0.02265077  0.00000000   -0.02382695  0.00000000
  0.02265077  0.00000000    0.07268444  0.00000000   -0.02382695  0.00000000
 -0.02382695  0.00000000   -0.02382695  0.00000000    0.08636373  0.00000000
    1    2
  0.00684609  0.01185778   -0.00081500 -0.00141162   -0.00357191 -0.00618672
 -0.00081500 -0.00141162    0.00684609  0.01185778   -0.00357191 -0.00618672
 -0.00192038 -0.00332619   -0.00192038 -0.00332619    0.00263737  0.00456806
    2    1
  0.00684609 -0.01185778   -0.00081500  0.00141162   -0.00192038  0.00332619
 -0.00081500  0.00141162    0.00684609 -0.01185778   -0.00192038  0.00332619
 -0.00357191  0.00618672   -0.00357191  0.00618672    0.00263737 -0.00456806
    2    2
  0.07166957  0.00000000    0.01903053  0.00000000   -0.01940904  0.00000000
  0.01903053  0.00000000    0.07166957  0.00000000   -0.01940904  0.00000000
 -0.01940904  0.00000000   -0.01940904  0.00000000    0.08618697  0.00000000

     Dynamical  Matrix in cartesian axes

     q = (    0.666666667  -0.666666667   0.333333333 ) 

    1    1
  0.07268444  0.00000000   -0.02265077  0.00000000    0.02382695  0.00000000
 -0.02265077  0.00000000    0.07268444  0.00000000   -0.02382695  0.00000000
  0.02382695  0.00000000   -0.02382695  0.00000000    0.08636373  0.00000000
    1    2
 -0.01369218  0.00000000   -0.00162999  0.00000000   -0.00714381  0.00000000
 -0.00162999  0.00000000   -0.01369218  0.00000000    0.00714381 -0.00000000
 -0.00384076  0.00000000    0.00384076 -0.00000000   -0.00527474  0.00000000
    2    1
 -0.01369218 -0.00000000   -0.00162999 -0.00000000   -0.00384076 -0.00000000
 -0.00162999 -0.00000000   -0.01369218 -0.00000000    0.00384076  0.00000000
 -0.00714381 -0.00000000    0.00714381  0.00000000   -0.00527474 -0.00000000
    2    2
  0.07166957  0.00000000   -0.01903053  0.00000000    0.01940904  0.00000000
 -0.01903053  0.00000000    0.07166957  0.00000000   -0.01940904  0.00000000
  0.01940904  0.00000000   -0.01940904  0.00000000    0.08618697  0.00000000

     Dynamical  Matrix in cartesian axes

     q = (   -0.666666667  -0.666666667  -0.333333333 ) 

    1    1
  0.07268444  0.00000000    0.02265077  0.00000000    0.02382695  0.00000000
  0.02265077  0.00000000    0.07268444  0.00000000    0.02382695  0.00000000
  0.02382695  0.00000000    0.02382695  0.00000000    0.08636373  0.00000000
    1    2
  0.00684609  0.01185778   -0.00081500 -0.00141162    0.00357191  0.00618672
 -0.00081500 -0.00141162    0.00684609  0.01185778    0.00357191  0.00618672
  0.00192038  0.00332619    0.00192038  0.00332619    0.00263737  0.00456806
    2    1
  0.00684609 -0.01185778   -0.00081500  0.00141162    0.00192038 -0.00332619
 -0.00081500  0.00141162    0.00684609 -0.01185778    0.00192038 -0.00332619
  0.00357191 -0.00618672    0.00357191 -0.00618672    0.00263737 -0.00456806
    2    2
  0.07166957  0.00000000    0.01903053  0.00000000    0.01940904  0.00000000
  0.01903053  0.00000000    0.07166957  0.00000000    0.01940904  0.00000000
  0.01940904  0.00000000    0.01940904  0.00000000    0.08618697  0.00000000

     Dynamical  Matrix in cartesian axes

     q = (   -0.666666667   0.666666667   0.333333333 ) 

    1    1
  0.07268444  0.00000000   -0.02265077  0.00000000   -0.02382695  0.00000000
 -0.02265077  0.00000000    0.07268444  0.00000000    0.02382695  0.00000000
 -0.02382695  0.00000000    0.02382695  0.00000000    0.08636373  0.00000000
    1    2
  0.00684609  0.01185778    0.00081500  0.00141162   -0.00357191 -0.00618672
  0.00081500  0.00141162    0.00684609  0.01185778    0.00357191  0.00618672
 -0.00192038 -0.00332619    0.00192038  0.00332619    0.00263737  0.00456806
    2    1
  0.00684609 -0.01185778    0.00081500 -0.00141162   -0.00192038  0.00332619
  0.00081500 -0.00141162    0.00684609 -0.01185778    0.00192038 -0.00332619
 -0.00357191  0.00618672    0.00357191 -0.00618672    0.00263737 -0.00456806
    2    2
  0.07166957  0.00000000   -0.01903053  0.00000000   -0.01940904  0.00000000
 -0.01903053  0.00000000    0.07166957  0.00000000    0.01940904  0.00000000
 -0.01940904  0.00000000    0.01940904  0.00000000    0.08618697  0.00000000

     Dynamical  Matrix in cartesian axes

     q = (    0.666666667   0.333333333   0.666666667 ) 

    1    1
  0.07268444  0.00000000    0.02382695  0.00000000    0.02265077  0.00000000
  0.02382695  0.00000000    0.08636373  0.00000000    0.02382695  0.00000000
  0.02265077  0.00000000    0.02382695  0.00000000    0.07268444  0.00000000
    1    2
  0.00684609 -0.01185778    0.00357191 -0.00618672   -0.00081500  0.00141162
  0.00192038 -0.00332619    0.00263737 -0.00456806    0.00192038 -0.00332619
 -0.00081500  0.00141162    0.00357191 -0.00618672    0.00684609 -0.01185778
    2    1
  0.00684609  0.01185778    0.00192038  0.00332619   -0.00081500 -0.00141162
  0.00357191  0.00618672    0.00263737  0.00456806    0.00357191  0.00618672
 -0.00081500 -0.00141162    0.00192038  0.00332619    0.00684609  0.01185778
    2    2
  0.07166957  0.00000000    0.01940904  0.00000000    0.01903053  0.00000000
  0.01940904  0.00000000    0.08618697  0.00000000    0.01940904  0.00000000
  0.01903053  0.00000000    0.01940904  0.00000000    0.07166957  0.00000000

     Dynamical  Matrix in cartesian axes

     q = (    0.333333333  -0.666666667   0.666666667 ) 

    1    1
  0.08636373  0.00000000   -0.02382695  0.00000000    0.02382695  0.00000000
 -0.02382695  0.00000000    0.07268444  0.00000000   -0.02265077  0.00000000
  0.02382695  0.00000000   -0.02265077  0.00000000    0.07268444  0.00000000
    1    2
  0.00263737  0.00456806   -0.00192038 -0.00332619    0.00192038  0.00332619
 -0.00357191 -0.00618672    0.00684609  0.01185778    0.00081500  0.00141162
  0.00357191  0.00618672    0.00081500  0.00141162    0.00684609  0.01185778
    2    1
  0.00263737 -0.00456806   -0.00357191  0.00618672    0.00357191 -0.00618672
 -0.00192038  0.00332619    0.00684609 -0.01185778    0.00081500 -0.00141162
  0.00192038 -0.00332619    0.00081500 -0.00141162    0.00684609 -0.01185778
    2    2
  0.08618697  0.00000000   -0.01940904  0.00000000    0.01940904  0.00000000
 -0.01940904  0.00000000    0.07166957  0.00000000   -0.01903053  0.00000000
  0.01940904  0.00000000   -0.01903053  0.00000000    0.07166957  0.00000000

     Dynamical  Matrix in cartesian axes

     q = (    0.666666667   0.333333333  -0.666666667 ) 

    1    1
  0.07268444  0.00000000    0.02382695  0.00000000   -0.02265077  0.00000000
  0.02382695  0.00000000    0.08636373  0.00000000   -0.02382695  0.00000000
 -0.02265077  0.00000000   -0.02382695  0.00000000    0.07268444  0.00000000
    1    2
 -0.01369218  0.00000000   -0.00714381  0.00000000   -0.00162999  0.00000000
 -0.00384076  0.00000000   -0.00527474  0.00000000    0.00384076 -0.00000000
 -0.00162999  0.00000000    0.00714381 -0.00000000   -0.01369218  0.00000000
    2    1
 -0.01369218 -0.00000000   -0.00384076 -0.00000000   -0.00162999 -0.00000000
 -0.00714381 -0.00000000   -0.00527474 -0.00000000    0.00714381  0.00000000
 -0.00162999 -0.00000000    0.00384076  0.00000000   -0.01369218 -0.00000000
    2    2
  0.07166957  0.00000000    0.01940904  0.00000000   -0.01903053  0.00000000
  0.01940904  0.00000000    0.08618697  0.00000000   -0.01940904  0.00000000
 -0.01903053  0.00000000   -0.01940904  0.00000000    0.07166957  0.00000000

     Dynamical  Matrix in cartesian axes

     q = (   -0.333333333  -0.666666667   0.666666667 ) 

    1    1
  0.08636373  0.00000000    0.02382695  0.00000000   -0.02382695  0.00000000
  0.02382695  0.00000000    0.07268444  0.00000000   -0.02265077  0.00000000
 -0.02382695  0.00000000   -0.02265077  0.00000000    0.07268444  0.00000000
    1    2
  0.00263737 -0.00456806    0.00192038 -0.00332619   -0.00192038  0.00332619
  0.00357191 -0.00618672    0.00684609 -0.01185778    0.00081500 -0.00141162
 -0.00357191  0.00618672    0.00081500 -0.00141162    0.00684609 -0.01185778
    2    1
  0.00263737  0.00456806    0.00357191  0.00618672   -0.00357191 -0.00618672
  0.00192038  0.00332619    0.00684609  0.01185778    0.00081500  0.00141162
 -0.00192038 -0.00332619    0.00081500  0.00141162    0.00684609  0.01185778
    2    2
  0.08618697  0.00000000    0.01940904  0.00000000   -0.01940904  0.00000000
  0.01940904  0.00000000    0.07166957  0.00000000   -0.01903053  0.00000000
 -0.01940904  0.00000000   -0.01903053  0.00000000    0.07166957  0.00000000

     Dynamical  Matrix in cartesian axes

     q = (    0.333333333  -0.666666667  -0.666666667 ) 

    1    1
  0.08636373  0.00000000   -0.02382695  0.00000000   -0.02382695  0.00000000
 -0.02382695  0.00000000    0.07268444  0.00000000    0.02265077  0.00000000
 -0.02382695  0.00000000    0.02265077  0.00000000    0.07268444  0.00000000
    1    2
  0.00263737 -0.00456806   -0.00192038  0.00332619   -0.00192038  0.00332619
 -0.00357191  0.00618672    0.00684609 -0.01185778   -0.00081500  0.00141162
 -0.00357191  0.00618672   -0.00081500  0.00141162    0.00684609 -0.01185778
    2    1
  0.00263737  0.00456806   -0.00357191 -0.00618672   -0.00357191 -0.00618672
 -0.00192038 -0.00332619    0.00684609  0.01185778   -0.00081500 -0.00141162
 -0.00192038 -0.00332619   -0.00081500 -0.00141162    0.00684609  0.01185778
    2    2
  0.08618697  0.00000000   -0.01940904  0.00000000   -0.01940904  0.00000000
 -0.01940904  0.00000000    0.07166957  0.00000000    0.01903053  0.00000000
 -0.01940904  0.00000000    0.01903053  0.00000000    0.07166957  0.00000000

     Diagonalizing the dynamical matrix

     q = (    0.666666667  -0.333333333   0.666666667 ) 

 **************************************************************************
     freq (    1) =       4.469771 [THz] =     149.095504 [cm-1]
 ( -0.284053 -0.491995  0.000000  0.000000  0.284053  0.491995 ) 
 (  0.421017 -0.000000  0.000000 -0.000000 -0.421017  0.000000 ) 
     freq (    2) =       5.401917 [THz] =     180.188555 [cm-1]
 (  0.236793  0.410137  0.368882  0.638923  0.236793  0.410137 ) 
 ( -0.058791  0.000000  0.015005  0.000000 -0.058791  0.000000 ) 
     freq (    3) =       6.170874 [THz] =     205.838202 [cm-1]
 (  0.006614  0.011455  0.016830  0.029150  0.006614  0.011455 ) 
 (  0.478353 -0.000000  0.735442 -0.000000  0.478353  0.000000 ) 
     freq (    4) =       6.226325 [THz] =     207.687863 [cm-1]
 (  0.184650  0.319824 -0.000000  0.000000 -0.184650 -0.319824 ) 
 (  0.603007 -0.000000 -0.000000 -0.000000 -0.603007  0.000000 ) 
     freq (    5) =       7.629490 [THz] =     254.492408 [cm-1]
 ( -0.203912 -0.353186  0.284921  0.493497 -0.203912 -0.353186 ) 
 (  0.299721  0.000000 -0.403702  0.000000  0.299721  0.000000 ) 
     freq (    6) =       8.885209 [THz] =     296.378677 [cm-1]
 (  0.146506  0.253756 -0.153781 -0.266357  0.146506  0.253756 ) 
 (  0.447277 -0.000000 -0.577564 -0.000000  0.447277  0.000000 ) 
 **************************************************************************
