Dynamical matrix file
phonon calculation.                                                        
  2    2  2  8.5484000  0.0000000  0.0000000  0.0000000  0.0000000  0.0000000
           1  'Na  '    20953.1916823788     
           2  'F   '    17315.6177120289     
    1    1      0.0000000000      0.0000000000      0.0000000000
    2    2     -0.5000000000      0.5000000000      0.5000000000

     Dynamical  Matrix in cartesian axes

     q = (   -0.333333333   0.333333333  -0.333333333 ) 

    1    1
  0.09930801  0.00000000   -0.03327043  0.00000000    0.03327043  0.00000000
 -0.03327043  0.00000000    0.09930801  0.00000000   -0.03327043  0.00000000
  0.03327043  0.00000000   -0.03327043  0.00000000    0.09930801  0.00000000
    1    2
 -0.02204019  0.03817473    0.00706233 -0.01223232   -0.00706233  0.01223232
  0.00706233 -0.01223232   -0.02204019  0.03817473    0.00706233 -0.01223232
 -0.00706233  0.01223232    0.00706233 -0.01223232   -0.02204019  0.03817473
    2    1
 -0.02204019 -0.03817473    0.00706233  0.01223232   -0.00706233 -0.01223232
  0.00706233  0.01223232   -0.02204019 -0.03817473    0.00706233  0.01223232
 -0.00706233 -0.01223232    0.00706233  0.01223232   -0.02204019 -0.03817473
    2    2
  0.09379648  0.00000000   -0.02610689  0.00000000    0.02610689  0.00000000
 -0.02610689 -0.00000000    0.09379648  0.00000000   -0.02610689 -0.00000000
  0.02610689  0.00000000   -0.02610689  0.00000000    0.09379648  0.00000000

     Dynamical  Matrix in cartesian axes

     q = (    0.333333333   0.333333333  -0.333333333 ) 

    1    1
  0.09930801  0.00000000    0.03327043  0.00000000   -0.03327043  0.00000000
  0.03327043  0.00000000    0.09930801  0.00000000   -0.03327043  0.00000000
 -0.03327043  0.00000000   -0.03327043  0.00000000    0.09930801  0.00000000
    1    2
 -0.02204019 -0.03817473   -0.00706233 -0.01223232    0.00706233  0.01223232
 -0.00706233 -0.01223232   -0.02204019 -0.03817473    0.00706233  0.01223232
  0.00706233  0.01223232    0.00706233  0.01223232   -0.02204019 -0.03817473
    2    1
 -0.02204019  0.03817473   -0.00706233  0.01223232    0.00706233 -0.01223232
 -0.00706233  0.01223232   -0.02204019  0.03817473    0.00706233 -0.01223232
  0.00706233 -0.01223232    0.00706233 -0.01223232   -0.02204019  0.03817473
    2    2
  0.09379648  0.00000000    0.02610689  0.00000000   -0.02610689 -0.00000000
  0.02610689 -0.00000000    0.09379648  0.00000000   -0.02610689  0.00000000
 -0.02610689  0.00000000   -0.02610689  0.00000000    0.09379648  0.00000000

     Dynamical  Matrix in cartesian axes

     q = (    0.333333333   0.333333333   0.333333333 ) 

    1    1
  0.09930801  0.00000000    0.03327043  0.00000000    0.03327043  0.00000000
  0.03327043  0.00000000    0.09930801  0.00000000    0.03327043  0.00000000
  0.03327043  0.00000000    0.03327043  0.00000000    0.09930801  0.00000000
    1    2
 -0.02204019  0.03817473   -0.00706233  0.01223232   -0.00706233  0.01223232
 -0.00706233  0.01223232   -0.02204019  0.03817473   -0.00706233  0.01223232
 -0.00706233  0.01223232   -0.00706233  0.01223232   -0.02204019  0.03817473
    2    1
 -0.02204019 -0.03817473   -0.00706233 -0.01223232   -0.00706233 -0.01223232
 -0.00706233 -0.01223232   -0.02204019 -0.03817473   -0.00706233 -0.01223232
 -0.00706233 -0.01223232   -0.00706233 -0.01223232   -0.02204019 -0.03817473
    2    2
  0.09379648  0.00000000    0.02610689  0.00000000    0.02610689 -0.00000000
  0.02610689  0.00000000    0.09379648  0.00000000    0.02610689 -0.00000000
  0.02610689  0.00000000    0.02610689  0.00000000    0.09379648  0.00000000

     Dynamical  Matrix in cartesian axes

     q = (   -0.333333333   0.333333333   0.333333333 ) 

    1    1
  0.09930801  0.00000000   -0.03327043  0.00000000   -0.03327043  0.00000000
 -0.03327043  0.00000000    0.09930801  0.00000000    0.03327043  0.00000000
 -0.03327043  0.00000000    0.03327043  0.00000000    0.09930801  0.00000000
    1    2
  0.04408039  0.00000000   -0.01412467 -0.00000000   -0.01412467 -0.00000000
 -0.01412467 -0.00000000    0.04408039  0.00000000    0.01412467  0.00000000
 -0.01412467 -0.00000000    0.01412467  0.00000000    0.04408039  0.00000000
    2    1
  0.04408039 -0.00000000   -0.01412467  0.00000000   -0.01412467  0.00000000
 -0.01412467  0.00000000    0.04408039 -0.00000000    0.01412467 -0.00000000
 -0.01412467  0.00000000    0.01412467 -0.00000000    0.04408039 -0.00000000
    2    2
  0.09379648  0.00000000   -0.02610689  0.00000000   -0.02610689  0.00000000
 -0.02610689  0.00000000    0.09379648  0.00000000    0.02610689  0.00000000
 -0.02610689  0.00000000    0.02610689  0.00000000    0.09379648  0.00000000

     Dynamical  Matrix in cartesian axes

     q = (    0.333333333  -0.333333333   0.333333333 ) 

    1    1
  0.09930801  0.00000000   -0.03327043  0.00000000    0.03327043  0.00000000
 -0.03327043  0.00000000    0.09930801  0.00000000   -0.03327043  0.00000000
  0.03327043  0.00000000   -0.03327043  0.00000000    0.09930801  0.00000000
    1    2
 -0.02204019 -0.03817473    0.00706233  0.01223232   -0.00706233 -0.01223232
  0.00706233  0.01223232   -0.02204019 -0.03817473    0.00706233  0.01223232
 -0.00706233 -0.01223232    0.00706233  0.01223232   -0.02204019 -0.03817473
    2    1
 -0.02204019  0.03817473    0.00706233 -0.01223232   -0.00706233  0.01223232
  0.00706233 -0.01223232   -0.02204019  0.03817473    0.00706233 -0.01223232
 -0.00706233  0.01223232    0.00706233 -0.01223232   -0.02204019  0.03817473
    2    2
  0.09379648  0.00000000   -0.02610689  0.00000000    0.02610689  0.00000000
 -0.02610689  0.00000000    0.09379648  0.00000000   -0.02610689  0.00000000
  0.02610689  0.00000000   -0.02610689  0.00000000    0.09379648  0.00000000

     Dynamical  Matrix in cartesian axes

     q = (   -0.333333333  -0.333333333  -0.333333333 ) 

    1    1
  0.09930801  0.00000000    0.03327043  0.00000000    0.03327043  0.00000000
  0.03327043  0.00000000    0.09930801  0.00000000    0.03327043  0.00000000
  0.03327043  0.00000000    0.03327043  0.00000000    0.09930801  0.00000000
    1    2
 -0.02204019 -0.03817473   -0.00706233 -0.01223232   -0.00706233 -0.01223232
 -0.00706233 -0.01223232   -0.02204019 -0.03817473   -0.00706233 -0.01223232
 -0.00706233 -0.01223232   -0.00706233 -0.01223232   -0.02204019 -0.03817473
    2    1
 -0.02204019  0.03817473   -0.00706233  0.01223232   -0.00706233  0.01223232
 -0.00706233  0.01223232   -0.02204019  0.03817473   -0.00706233  0.01223232
 -0.00706233  0.01223232   -0.00706233  0.01223232   -0.02204019  0.03817473
    2    2
  0.09379648  0.00000000    0.02610689  0.00000000    0.02610689  0.00000000
  0.02610689  0.00000000    0.09379648  0.00000000    0.02610689  0.00000000
  0.02610689  0.00000000    0.02610689  0.00000000    0.09379648  0.00000000

     Dynamical  Matrix in cartesian axes

     q = (    0.333333333  -0.333333333  -0.333333333 ) 

    1    1
  0.09930801  0.00000000   -0.03327043  0.00000000   -0.03327043  0.00000000
 -0.03327043  0.00000000    0.09930801  0.00000000    0.03327043  0.00000000
 -0.03327043  0.00000000    0.03327043  0.00000000    0.09930801  0.00000000
    1    2
  0.04408039 -0.00000000   -0.01412467  0.00000000   -0.01412467  0.00000000
 -0.01412467  0.00000000    0.04408039 -0.00000000    0.01412467 -0.00000000
 -0.01412467  0.00000000    0.01412467 -0.00000000    0.04408039 -0.00000000
    2    1
  0.04408039  0.00000000   -0.01412467 -0.00000000   -0.01412467 -0.00000000
 -0.01412467 -0.00000000    0.04408039  0.00000000    0.01412467  0.00000000
 -0.01412467 -0.00000000    0.01412467  0.00000000    0.04408039  0.00000000
    2    2
  0.09379648  0.00000000   -0.02610689  0.00000000   -0.02610689  0.00000000
 -0.02610689  0.00000000    0.09379648  0.00000000    0.02610689  0.00000000
 -0.02610689  0.00000000    0.02610689  0.00000000    0.09379648  0.00000000

     Dynamical  Matrix in cartesian axes

     q = (   -0.333333333  -0.333333333   0.333333333 ) 

    1    1
  0.09930801  0.00000000    0.03327043  0.00000000   -0.03327043  0.00000000
  0.03327043  0.00000000    0.09930801  0.00000000   -0.03327043  0.00000000
 -0.03327043  0.00000000   -0.03327043  0.00000000    0.09930801  0.00000000
    1    2
 -0.02204019  0.03817473   -0.00706233  0.01223232    0.00706233 -0.01223232
 -0.00706233  0.01223232   -0.02204019  0.03817473    0.00706233 -0.01223232
  0.00706233 -0.01223232    0.00706233 -0.01223232   -0.02204019  0.03817473
    2    1
 -0.02204019 -0.03817473   -0.00706233 -0.01223232    0.00706233  0.01223232
 -0.00706233 -0.01223232   -0.02204019 -0.03817473    0.00706233  0.01223232
  0.00706233  0.01223232    0.00706233  0.01223232   -0.02204019 -0.03817473
    2    2
  0.09379648  0.00000000    0.02610689  0.00000000   -0.02610689  0.00000000
  0.02610689  0.00000000    0.09379648  0.00000000   -0.02610689  0.00000000
 -0.02610689  0.00000000   -0.02610689  0.00000000    0.09379648  0.00000000

     Diagonalizing the dynamical matrix

     q = (   -0.333333333   0.333333333  -0.333333333 ) 

 **************************************************************************
     freq (    1) =       4.549972 [THz] =     151.770736 [cm-1]
 ( -0.537817  0.222177 -0.416235  0.011591  0.121582 -0.210586 ) 
 ( -0.399762 -0.307348 -0.189046 -0.307348  0.210717  0.000000 ) 
     freq (    2) =       4.549972 [THz] =     151.770736 [cm-1]
 (  0.062756  0.195452  0.346315 -0.295685  0.283558 -0.491137 ) 
 ( -0.119489  0.131782  0.371953  0.131782  0.491442  0.000000 ) 
     freq (    3) =       6.875436 [THz] =     229.339868 [cm-1]
 ( -0.201318  0.348694  0.201318 -0.348694 -0.201318  0.348694 ) 
 ( -0.413784 -0.000000  0.413784 -0.000000 -0.413784  0.000000 ) 
     freq (    4) =       7.464422 [THz] =     248.986326 [cm-1]
 ( -0.275434  0.383936 -0.177240  0.213860  0.098193 -0.170076 ) 
 (  0.656612  0.065023  0.382376  0.065023 -0.274235  0.000000 ) 
     freq (    5) =       7.464422 [THz] =     248.986326 [cm-1]
 ( -0.005559  0.051874  0.210904 -0.323050  0.216463 -0.374925 ) 
 (  0.066614 -0.029496 -0.537926 -0.029496 -0.604541  0.000000 ) 
     freq (    6) =      11.386760 [THz] =     379.821437 [cm-1]
 ( -0.186867  0.323663  0.186867 -0.323663 -0.186867  0.323663 ) 
 (  0.440064  0.000000 -0.440064 -0.000000  0.440064  0.000000 ) 
 **************************************************************************
