Dynamical matrix file
phonon calculation.                                                        
  2    2  2  8.7810392  0.0000000  0.0000000  0.0000000  0.0000000  0.0000000
           1  'Na  '    20953.1916823788     
           2  'F   '    17315.6177120289     
    1    1      0.0000000000      0.0000000000      0.0000000000
    2    2     -0.5000000000      0.5000000000      0.5000000000

     Dynamical  Matrix in cartesian axes

     q = (   -0.333333333   0.333333333  -0.333333333 ) 

    1    1
  0.08215329  0.00000000   -0.03141756  0.00000000    0.03141756  0.00000000
 -0.03141756  0.00000000    0.08215329  0.00000000   -0.03141756  0.00000000
  0.03141756  0.00000000   -0.03141756  0.00000000    0.08215329  0.00000000
    1    2
 -0.01827232  0.03164858    0.00684186 -0.01185045   -0.00684186  0.01185045
  0.00684186 -0.01185045   -0.01827232  0.03164858    0.00684186 -0.01185045
 -0.00684186  0.01185045    0.00684186 -0.01185045   -0.01827232  0.03164858
    2    1
 -0.01827232 -0.03164858    0.00684186  0.01185045   -0.00684186 -0.01185045
  0.00684186  0.01185045   -0.01827232 -0.03164858    0.00684186  0.01185045
 -0.00684186 -0.01185045    0.00684186  0.01185045   -0.01827232 -0.03164858
    2    2
  0.07820242  0.00000000   -0.02549514  0.00000000    0.02549514  0.00000000
 -0.02549514 -0.00000000    0.07820242  0.00000000   -0.02549514 -0.00000000
  0.02549514  0.00000000   -0.02549514  0.00000000    0.07820242  0.00000000

     Dynamical  Matrix in cartesian axes

     q = (    0.333333333   0.333333333  -0.333333333 ) 

    1    1
  0.08215329  0.00000000    0.03141756  0.00000000   -0.03141756  0.00000000
  0.03141756  0.00000000    0.08215329  0.00000000   -0.03141756  0.00000000
 -0.03141756  0.00000000   -0.03141756  0.00000000    0.08215329  0.00000000
    1    2
 -0.01827232 -0.03164858   -0.00684186 -0.01185045    0.00684186  0.01185045
 -0.00684186 -0.01185045   -0.01827232 -0.03164858    0.00684186  0.01185045
  0.00684186  0.01185045    0.00684186  0.01185045   -0.01827232 -0.03164858
    2    1
 -0.01827232  0.03164858   -0.00684186  0.01185045    0.00684186 -0.01185045
 -0.00684186  0.01185045   -0.01827232  0.03164858    0.00684186 -0.01185045
  0.00684186 -0.01185045    0.00684186 -0.01185045   -0.01827232  0.03164858
    2    2
  0.07820242  0.00000000    0.02549514  0.00000000   -0.02549514 -0.00000000
  0.02549514 -0.00000000    0.07820242  0.00000000   -0.02549514  0.00000000
 -0.02549514  0.00000000   -0.02549514  0.00000000    0.07820242  0.00000000

     Dynamical  Matrix in cartesian axes

     q = (    0.333333333   0.333333333   0.333333333 ) 

    1    1
  0.08215329  0.00000000    0.03141756  0.00000000    0.03141756  0.00000000
  0.03141756  0.00000000    0.08215329  0.00000000    0.03141756  0.00000000
  0.03141756  0.00000000    0.03141756  0.00000000    0.08215329  0.00000000
    1    2
 -0.01827232  0.03164858   -0.00684186  0.01185045   -0.00684186  0.01185045
 -0.00684186  0.01185045   -0.01827232  0.03164858   -0.00684186  0.01185045
 -0.00684186  0.01185045   -0.00684186  0.01185045   -0.01827232  0.03164858
    2    1
 -0.01827232 -0.03164858   -0.00684186 -0.01185045   -0.00684186 -0.01185045
 -0.00684186 -0.01185045   -0.01827232 -0.03164858   -0.00684186 -0.01185045
 -0.00684186 -0.01185045   -0.00684186 -0.01185045   -0.01827232 -0.03164858
    2    2
  0.07820242  0.00000000    0.02549514  0.00000000    0.02549514 -0.00000000
  0.02549514  0.00000000    0.07820242  0.00000000    0.02549514 -0.00000000
  0.02549514  0.00000000    0.02549514  0.00000000    0.07820242  0.00000000

     Dynamical  Matrix in cartesian axes

     q = (   -0.333333333   0.333333333   0.333333333 ) 

    1    1
  0.08215329  0.00000000   -0.03141756  0.00000000   -0.03141756  0.00000000
 -0.03141756  0.00000000    0.08215329  0.00000000    0.03141756  0.00000000
 -0.03141756  0.00000000    0.03141756  0.00000000    0.08215329  0.00000000
    1    2
  0.03654463  0.00000000   -0.01368372 -0.00000000   -0.01368372 -0.00000000
 -0.01368372 -0.00000000    0.03654463  0.00000000    0.01368372  0.00000000
 -0.01368372 -0.00000000    0.01368372  0.00000000    0.03654463  0.00000000
    2    1
  0.03654463 -0.00000000   -0.01368372  0.00000000   -0.01368372  0.00000000
 -0.01368372  0.00000000    0.03654463 -0.00000000    0.01368372 -0.00000000
 -0.01368372  0.00000000    0.01368372 -0.00000000    0.03654463 -0.00000000
    2    2
  0.07820242  0.00000000   -0.02549514  0.00000000   -0.02549514  0.00000000
 -0.02549514  0.00000000    0.07820242  0.00000000    0.02549514  0.00000000
 -0.02549514  0.00000000    0.02549514  0.00000000    0.07820242  0.00000000

     Dynamical  Matrix in cartesian axes

     q = (    0.333333333  -0.333333333   0.333333333 ) 

    1    1
  0.08215329  0.00000000   -0.03141756  0.00000000    0.03141756  0.00000000
 -0.03141756  0.00000000    0.08215329  0.00000000   -0.03141756  0.00000000
  0.03141756  0.00000000   -0.03141756  0.00000000    0.08215329  0.00000000
    1    2
 -0.01827232 -0.03164858    0.00684186  0.01185045   -0.00684186 -0.01185045
  0.00684186  0.01185045   -0.01827232 -0.03164858    0.00684186  0.01185045
 -0.00684186 -0.01185045    0.00684186  0.01185045   -0.01827232 -0.03164858
    2    1
 -0.01827232  0.03164858    0.00684186 -0.01185045   -0.00684186  0.01185045
  0.00684186 -0.01185045   -0.01827232  0.03164858    0.00684186 -0.01185045
 -0.00684186  0.01185045    0.00684186 -0.01185045   -0.01827232  0.03164858
    2    2
  0.07820242  0.00000000   -0.02549514  0.00000000    0.02549514  0.00000000
 -0.02549514  0.00000000    0.07820242  0.00000000   -0.02549514  0.00000000
  0.02549514  0.00000000   -0.02549514  0.00000000    0.07820242  0.00000000

     Dynamical  Matrix in cartesian axes

     q = (   -0.333333333  -0.333333333  -0.333333333 ) 

    1    1
  0.08215329  0.00000000    0.03141756  0.00000000    0.03141756  0.00000000
  0.03141756  0.00000000    0.08215329  0.00000000    0.03141756  0.00000000
  0.03141756  0.00000000    0.03141756  0.00000000    0.08215329  0.00000000
    1    2
 -0.01827232 -0.03164858   -0.00684186 -0.01185045   -0.00684186 -0.01185045
 -0.00684186 -0.01185045   -0.01827232 -0.03164858   -0.00684186 -0.01185045
 -0.00684186 -0.01185045   -0.00684186 -0.01185045   -0.01827232 -0.03164858
    2    1
 -0.01827232  0.03164858   -0.00684186  0.01185045   -0.00684186  0.01185045
 -0.00684186  0.01185045   -0.01827232  0.03164858   -0.00684186  0.01185045
 -0.00684186  0.01185045   -0.00684186  0.01185045   -0.01827232  0.03164858
    2    2
  0.07820242  0.00000000    0.02549514  0.00000000    0.02549514  0.00000000
  0.02549514  0.00000000    0.07820242  0.00000000    0.02549514  0.00000000
  0.02549514  0.00000000    0.02549514  0.00000000    0.07820242  0.00000000

     Dynamical  Matrix in cartesian axes

     q = (    0.333333333  -0.333333333  -0.333333333 ) 

    1    1
  0.08215329  0.00000000   -0.03141756  0.00000000   -0.03141756  0.00000000
 -0.03141756  0.00000000    0.08215329  0.00000000    0.03141756  0.00000000
 -0.03141756  0.00000000    0.03141756  0.00000000    0.08215329  0.00000000
    1    2
  0.03654463 -0.00000000   -0.01368372  0.00000000   -0.01368372  0.00000000
 -0.01368372  0.00000000    0.03654463 -0.00000000    0.01368372 -0.00000000
 -0.01368372  0.00000000    0.01368372 -0.00000000    0.03654463 -0.00000000
    2    1
  0.03654463  0.00000000   -0.01368372 -0.00000000   -0.01368372 -0.00000000
 -0.01368372 -0.00000000    0.03654463  0.00000000    0.01368372  0.00000000
 -0.01368372 -0.00000000    0.01368372  0.00000000    0.03654463  0.00000000
    2    2
  0.07820242  0.00000000   -0.02549514  0.00000000   -0.02549514  0.00000000
 -0.02549514  0.00000000    0.07820242  0.00000000    0.02549514  0.00000000
 -0.02549514  0.00000000    0.02549514  0.00000000    0.07820242  0.00000000

     Dynamical  Matrix in cartesian axes

     q = (   -0.333333333  -0.333333333   0.333333333 ) 

    1    1
  0.08215329  0.00000000    0.03141756  0.00000000   -0.03141756  0.00000000
  0.03141756  0.00000000    0.08215329  0.00000000   -0.03141756  0.00000000
 -0.03141756  0.00000000   -0.03141756  0.00000000    0.08215329  0.00000000
    1    2
 -0.01827232  0.03164858   -0.00684186  0.01185045    0.00684186 -0.01185045
 -0.00684186  0.01185045   -0.01827232  0.03164858    0.00684186 -0.01185045
  0.00684186 -0.01185045    0.00684186 -0.01185045   -0.01827232  0.03164858
    2    1
 -0.01827232 -0.03164858   -0.00684186 -0.01185045    0.00684186  0.01185045
 -0.00684186 -0.01185045   -0.01827232 -0.03164858    0.00684186  0.01185045
  0.00684186  0.01185045    0.00684186  0.01185045   -0.01827232 -0.03164858
    2    2
  0.07820242  0.00000000    0.02549514  0.00000000   -0.02549514  0.00000000
  0.02549514  0.00000000    0.07820242  0.00000000   -0.02549514  0.00000000
 -0.02549514  0.00000000   -0.02549514  0.00000000    0.07820242  0.00000000

     Diagonalizing the dynamical matrix

     q = (   -0.333333333   0.333333333  -0.333333333 ) 

 **************************************************************************
     freq (    1) =       4.019475 [THz] =     134.075256 [cm-1]
 (  0.324231 -0.478061  0.081124 -0.056988 -0.243107  0.421073 ) 
 (  0.490364  0.035545  0.076530  0.035545 -0.413834  0.000000 ) 
     freq (    2) =       4.019475 [THz] =     134.075256 [cm-1]
 (  0.157386 -0.167815  0.351163 -0.503445  0.193776 -0.335630 ) 
 (  0.190676  0.044594  0.520535  0.044594  0.329860  0.000000 ) 
     freq (    3) =       6.433372 [THz] =     214.594185 [cm-1]
 (  0.202613 -0.350937 -0.202613  0.350937  0.202613 -0.350937 ) 
 (  0.411248  0.000000 -0.411248  0.000000  0.411248  0.000000 ) 
     freq (    4) =       6.557064 [THz] =     218.720119 [cm-1]
 (  0.226386 -0.386207  0.052856 -0.085644 -0.173530  0.300563 ) 
 ( -0.636443 -0.004198 -0.143021 -0.004198  0.493422  0.000000 ) 
     freq (    5) =       6.557064 [THz] =     218.720119 [cm-1]
 ( -0.073938  0.121590 -0.232215  0.395733 -0.158277  0.274143 ) 
 (  0.202266  0.004602  0.652316  0.004602  0.450050  0.000000 ) 
     freq (    6) =      10.689001 [THz] =     356.546699 [cm-1]
 ( -0.185502  0.321298  0.185502 -0.321298 -0.185502  0.321298 ) 
 (  0.442369  0.000000 -0.442369  0.000000  0.442369  0.000000 ) 
 **************************************************************************
